100
4 2
5 2
6 2
1000 1000
1000 1
500000 249998
784602 667616
3 1
1000000 1
863129 813249
544252 508669
999999 1
991568 922821
500000 127
999999 128
2 1
999999 999999
1000000 499999
500000 128
669340 632880
999999 127
468379 426726
337233 273655
500000 237856
999999 499999
1000000 524288
999999 999998
687566 583253
539796 522669
500000 499999
5 1
1000000 1000000
500000 131072
1000000 128
1 1
1000000 500000
708662 628171
2 2
500000 171180
1000000 262144
857978 809449
500000 250895
932178 745841
1000000 292883
1000000 502277
642539 557219
665138 602625
305453 247006
500000 500000
500000 131071
1000000 999999
4 1
1000000 499998
999999 475712
1000000 262143
500000 262143
767524 629320
759916 618474
500000 262144
817111 666312
999999 499997
999999 262144
637648 538141
1000000 475713
500000 2
1000000 2
778131 762537
999999 499998
1000000 475712
500000 250000
883488 773667
999999 524288
1000000 524287
500000 237857
421037 391491
500000 249999
356317 302138
999999 475711
445660 398884
367734 318941
496002 372667
729232 657663
999999 2
1000000 127
999999 483978
815758 660107
999999 403391
527234 478384
274703 253030
500000 1
3 2
799838 697871
918212 826526
975561 765075
999999 262143
820907 745005
999999 524287
621852 530624
713813 634481
674898 512697
