99
6 2 0 2 0 2 0
3 1 0 2 0 0 0
12 1 0 6 0 5 0
425 112 0 130 0 183 0
655 298 0 30 0 327 0
392 38 0 183 0 171 0
945 361 0 229 0 355 0
1000 0 0 499 0 501 0
722 129 0 266 0 327 0
153 12 0 72 0 69 0
270 13 0 103 0 154 0
695 325 0 238 0 132 0
650 223 0 141 0 286 0
435 66 0 215 0 154 0
76 38 0 18 0 20 0
4 0 0 2 0 2 0
860 45 0 405 0 410 0
5 0 0 3 0 2 0
999 1 0 499 0 499 0
1000 500 0 500 0 0 0
776 363 0 209 0 204 0
391 189 0 70 0 132 0
3 1 0 0 0 2 0
51 11 0 20 0 20 0
571 263 0 249 0 59 0
67 31 0 29 0 7 0
642 270 0 57 0 315 0
278 84 0 99 0 95 0
456 173 0 63 0 220 0
982 405 0 471 0 106 0
534 178 0 286 0 70 0
58 18 0 23 0 17 0
999 249 0 500 0 250 0
86 25 0 25 0 36 0
253 76 0 72 0 105 0
1000 250 0 250 0 500 0
175 71 0 44 0 60 0
393 107 0 192 0 94 0
123 61 0 42 0 20 0
3 3 0 0 0 0 0
4 2 0 0 0 2 0
830 338 0 258 0 234 0
967 303 0 447 0 217 0
4 1 0 1 0 2 0
810 417 0 2 0 391 0
337 31 0 156 0 150 0
531 192 0 81 0 258 0
951 350 0 150 0 451 0
6 2 0 1 0 3 0
5 2 0 1 0 2 0
429 92 0 195 0 142 0
194 63 0 62 0 69 0
767 181 0 293 0 293 0
934 433 0 367 0 134 0
1000 1 0 500 0 499 0
337 144 0 77 0 116 0
446 212 0 21 0 213 0
999 333 0 333 0 333 0
7 3 0 2 0 2 0
119 35 0 35 0 49 0
173 43 0 65 0 65 0
168 0 0 0 0 168 0
94 41 0 28 0 25 0
352 57 0 123 0 172 0
289 58 0 132 0 99 0
698 241 0 231 0 226 0
4 1 0 2 0 1 0
142 28 0 28 0 86 0
16 8 0 3 0 5 0
6 3 0 0 0 3 0
967 474 0 137 0 356 0
107 102 0 2 0 3 0
739 128 0 308 0 303 0
4 2 0 1 0 1 0
500 220 0 91 0 189 0
1000 333 0 334 0 333 0
956 180 0 457 0 319 0
806 92 0 320 0 394 0
987 181 0 457 0 349 0
4 1 0 3 0 0 0
3 1 0 1 0 1 0
560 132 0 196 0 232 0
200 104 0 35 0 61 0
628 330 0 133 0 165 0
978 208 0 456 0 314 0
275 125 0 23 0 127 0
825 234 0 353 0 238 0
502 26 0 417 0 59 0
158 75 0 11 0 72 0
529 205 0 243 0 81 0
978 242 0 330 0 406 0
217 96 0 80 0 41 0
624 256 0 182 0 186 0
999 500 0 0 0 499 0
5 1 0 1 0 3 0
63 21 0 30 0 12 0
238 137 0 73 0 28 0
206 89 0 47 0 70 0
999 499 0 250 0 250 0
